708.637329105 455.759207716 361.308304686
-320.064604691 -454.440155916 -742.609578356
628.950856477 -720.70424705 257.026091457
693.53286173 -435.770027107 278.068110522
286.678433336 -268.400637096 450.142400412
547.236273663 -373.889211567 110.941587869
576.978755973 444.243580366 355.013010403
-531.842479829 -644.807864295 381.859552882
-176.707607265 152.290887522 781.944558002
76.9813375797 -528.03699648 88.430830835
439.473239244 -170.080468024 230.94674465
658.43158719 96.4239211663 -673.348226857
-471.13030431 539.2088322 151.716175911
2.22025430887 -402.836503789 -11.2021126858
-227.854263373 211.627455071 466.586245372
-327.674206714 411.639851219 -329.274280038
100.853215519 517.697621127 -764.357639235
-618.909251222 -291.720445546 184.117792208
-547.646090506 621.927854578 147.300155661
714.130054508 -287.049037764 -258.800143208
275.042717485 -306.563460986 627.321544135
655.182824291 609.599864198 -593.655454815
364.037551053 -523.153869586 -295.603370619
771.610353428 378.486300201 463.92499295
203.335572736 -126.821066114 -761.91036328
-266.447984894 750.495327068 -785.374377756
229.318178133 -781.051627211 -110.494188713
-220.643793021 -698.971600609 -194.68396737
559.292750566 197.267119604 -350.068759886
348.472761972 -417.034916127 -398.216647851
21.323358874 -144.17359544 -534.239509829
-9.60148345728 577.663800668 302.298402931
-786.209636576 -93.0484332319 -771.574513396
-138.977844962 -744.274034923 115.197500766
280.934279794 463.143214227 51.9937502402
657.245400064 798.633200533 173.696850892
116.775830494 -517.882607474 694.770075902
134.650297591 -282.30279183 544.955513499
247.051634374 775.453652843 385.111908071
768.297710319 83.0939307318 -132.192932594
86.8437057755 763.257385513 157.714548592
-517.71403871 564.951199118 280.693357575
66.8185922987 -558.35774814 -150.494139649
-261.121385134 287.398197332 -616.364378975
-768.253226094 489.728177581 712.913860329
384.435348763 -519.528601511 -240.818859957
442.519090616 168.074164692 431.475734896
-232.565888698 2.87948105006 446.751869547
717.250894806 628.480646109 246.72197651
-290.857667102 468.191159856 87.459211101
221.286498313 212.616942353 116.207595911
542.218074968 -246.952295413 735.498623361
508.32376711 361.818150739 -658.500600668
-104.04541376 -736.584258759 -293.600116521
132.681334379 -320.129632533 496.926845332
-310.91011941 -105.805660067 -657.789292021
387.595649842 312.576160152 264.708861338
-543.206805745 -172.483669259 686.970011006
479.006134605 553.994254831 689.357905102
732.708786253 512.863658023 -232.165961542
-63.3726802725 -280.343695117 -576.009630655
134.186577354 -606.584010408 435.794827807
-507.836730465 -579.162657685 231.786287421
-227.367923904 285.764729979 -741.769215514
229.127264747 -450.82161221 -316.917584061
357.769408968 707.962318497 -603.372557837
-204.282143564 -586.807721481 354.391030943
-475.932316663 537.217111789 711.483446138
-717.639426433 -215.761267163 48.18420594
-691.908585163 237.545587812 -361.497609646
-423.006910791 435.597009062 566.526229258
-603.604992813 209.311591942 -744.298290592
-474.420672778 588.618051138 78.727800897
688.290811106 666.126508901 413.860566451
284.660087502 -569.766273277 -191.988971997
594.673424662 -395.633853294 566.513477238
279.452312273 104.577768138 -210.024400935
504.090339244 529.352373045 124.044408421
-277.104200447 -327.623706998 68.1665072191
-646.75756651 -587.593236348 -412.872447637
53.0532840816 -585.006758033 799.641306645
431.962102933 296.763344274 -248.065226963
343.381936455 336.621309544 342.719592429
175.447576104 754.682781414 652.208059523
-749.666864967 -557.071980859 -315.385039225
-589.152716315 757.80679622 -735.009887043
696.24855037 -163.412318074 222.2932019
30.2144414033 97.8662280522 -643.370215637
553.744825489 -485.274962656 -397.690869957
-110.461989757 -131.554940019 457.617789226
269.044008824 -223.250158224 421.057074208
-243.054556501 600.603969494 -607.204887511
-491.263229003 103.929172742 497.727462228
8.86834724214 -460.3308573 618.337959217
-195.24079943 244.658110017 -112.35075236
-342.28259639 -258.652262881 -723.578525623
-300.839949033 654.217307164 -676.415172975
-43.9507875711 357.381194086 531.81854856
-175.122910799 -380.961689004 305.071653579
-689.389381754 -601.165611741 35.9772574576
-8.10993556806 256.848077205 -179.039933926
-566.896143471 -83.2786601819 786.822288347
-368.456066514 393.043529938 -450.569224567
177.353730624 -582.091646088 -518.074012909
-641.076930766 161.841682926 417.79643289
-199.959766557 184.478774575 -244.452236833
442.67812272 278.630173993 275.26627354
417.15611505 57.9965393361 423.15666407
370.233548829 -783.331509783 -55.0554408393
-305.326529188 -645.682080047 663.956430164
203.341313491 380.223844245 582.779362364
594.475691914 -731.097384216 476.587288396
-771.250547659 -599.091857338 396.908462393
733.870207385 -760.501058856 -441.175356104
-269.518537668 -614.128342504 86.5803389452
-469.563130298 469.928153086 -717.095901923
44.8747659783 -645.528582626 -506.497198726
429.840220121 -35.3309524404 73.6952591271
-82.2934845603 133.973468481 710.336853699
603.525945407 582.624901986 -707.185224668
506.152152012 153.060146665 71.5274151965
383.511791904 614.613399698 -181.901917979
-357.054540192 -498.52557023 -64.496958813
310.444035448 344.502473486 -541.456689577
-436.095324889 -344.488785431 -396.002261469
579.0952812 -370.801372652 308.158136158
-391.085829406 429.159165561 489.31009803
-25.8430051932 639.115728209 -307.59925092
-90.6926993554 592.875431194 766.71130406
652.471963771 -440.030090532 755.013736717
513.979586665 670.538020768 399.722022821
-116.782367715 -735.763282889 395.001212499
-531.115589609 434.024500073 -373.448136902
-351.400217697 -439.738117775 -522.427517618
528.833535433 -226.079459668 -0.198638748908
244.661587761 -531.054972884 -656.730540598
-335.885680902 -381.448423393 136.935565905
-313.862816854 -274.565692368 660.808778891
203.019324231 186.807028349 780.08356917
49.8535255525 -639.891392566 781.388711689
-160.957806585 -786.632397873 -174.113158571
-752.454467828 293.612599812 434.385299508
187.164731953 145.248659294 -383.970345263
347.197297779 -63.7928127946 -123.949264563
459.840688655 504.080640646 -483.504904962
-470.496675739 467.160892379 -130.50584524
113.061296114 -190.280543505 -405.108749685
364.246536905 -202.352541158 414.544359042
-110.503140801 387.402713483 -426.122641064
-372.389388077 56.6512510767 161.103044025
-414.983389701 216.617730256 -711.647492067
46.5377948295 492.639344106 -204.940480479
-292.299273741 76.5932996279 -436.967611544
335.453012486 281.939486018 -187.693428014
286.660455766 -563.955931072 140.658483455
-741.108049567 236.451343166 569.311139813
-619.994048985 -566.689869192 489.465170334
-746.280195698 437.803286293 788.405881459
278.740112067 688.003192099 253.87279466
-125.522237245 125.662880416 693.006668559
-131.783670239 705.486221351 -149.898473124
-496.866706488 -505.834155752 -42.8995664172
632.476081723 695.034641085 7.93026598393
-317.630674641 474.893991215 -163.248190856
147.055875828 -460.017163207 -201.078136006
428.392960302 -601.803093053 323.071648514
-725.976702988 636.938010554 524.664339953
205.743935267 79.4317281882 492.020422965
-762.14289376 0.103518614857 173.078685576
-417.036539544 198.442477115 588.416048869
-72.9874387659 -278.138075867 -508.211861948
494.819825898 -544.322417299 -26.3522951518
-159.586713026 -620.233768494 23.4062947054
328.756415598 55.7920984423 -9.95966236634
191.863310497 -654.830194835 173.911611581
635.150566949 -482.866942069 499.205075254
-128.112590603 629.644421744 -243.291547803
-525.377316159 -111.769946479 -444.740323104
-233.246018352 -525.784565928 -571.080092095
-237.367815528 -385.979599682 -678.506977582
152.553055932 3.94757138701 105.46150891
492.974689743 -394.234239792 -534.670017855
-411.203800004 94.5768733365 -469.384674434
449.592810151 -773.662985682 -547.062753723
3.00616690089 -762.73545152 605.49506052
412.22534006 -119.389115599 -722.540560239
385.666097427 233.44720252 299.892682926
-317.871300385 -72.8812996032 -51.3232166464
507.527908047 -550.34950839 551.505997412
-103.680179759 390.055819791 569.412827061
556.099185103 -704.339817242 -787.016063191
-138.744947163 7.6850301868 156.685669381
-436.775500421 605.926601758 -218.168305152
135.366425105 -698.687535367 429.820239075
-228.690623258 -43.2722538955 -114.66936828
385.848563153 661.210710206 383.130363427
-523.084729462 -487.239386336 601.137461029
-767.41325011 -526.359036513 -371.484337197
299.175109946 -745.349258979 -23.9889058376
504.23386825 -276.919005263 280.874966122
519.252900194 -573.658161403 -583.568685364
117.320563049 -25.6210368525 646.088769342
613.670059142 -641.704222488 -464.026577204
143.346543565 -531.793458344 103.764336816
-390.34157875 478.732232232 -735.529100362
185.849436091 325.496332294 -776.947459745
-716.667923871 506.344009042 339.226105136
480.110458274 -708.068148449 -705.961001534
439.774436538 444.891573122 -51.5737775908
-237.520623117 38.722384231 -76.3727218716
113.604905623 619.605935349 -173.323148151
-271.427978705 -324.42167486 -233.394295274
-377.766832311 63.5958533428 -447.981435546
84.8499546723 454.992792931 761.422473782
-293.664891122 598.263263422 553.10411348
577.623998112 453.221624798 743.10094754
593.205079857 -597.961926294 528.292514611
-133.118719778 -211.594241374 694.464728096
184.467828953 -619.70696305 -23.703922679
611.433489258 -671.736612052 363.385295517
-615.177423184 563.651637019 617.170086535
419.578968489 729.585732383 446.220410721
-527.601370974 195.761724691 398.253027105
120.34605767 189.844310627 526.00885052
65.5318198896 -599.679850964 -750.290770317
-630.081550587 -249.818908651 -425.880055114
-669.21629944 -434.489860434 -795.079235931
528.095614667 -61.7213399226 50.495729271
-792.134098315 197.557878892 -226.388911965
249.715336872 -663.89507157 451.292526166
17.5051989081 -216.999329404 -387.435119732
701.754320786 -461.112161382 -706.824967276
229.468189564 -715.735020663 -51.2402723568
-344.879732979 769.369153659 573.187055896
-266.230842241 187.255168185 480.460217338
459.630370674 367.924668669 -662.069492056
-458.807534693 183.975583306 120.994412095
74.1605873409 607.221706092 -699.53931145
-704.759227547 344.883415627 -269.833802104
702.97985131 663.374674405 -710.328047712
634.896040138 -325.079046705 -723.399622454
-743.358889694 -616.369117576 475.907479007
-341.302927307 -623.962058728 218.357191192
-397.477811658 234.355198088 793.410163885
-488.673273583 -149.917505431 -784.682605089
346.952523601 737.021578054 -608.809361208
-89.2020373831 767.074216281 682.642708311
-461.884685808 535.912673436 -587.454739876
579.66083347 158.486726552 689.836332578
128.383293957 132.323418666 275.600739599
-239.281703102 123.849374728 -569.398980458
-266.454983187 734.684575933 -440.595557966
-156.827744719 391.356198215 -35.9308393239
215.538935308 -563.254822586 72.5640237831
-404.141835058 -562.640151479 52.3902545323
281.400692781 310.495398791 -403.776947571
-8.44759431681 367.852517174 -562.918991024
-37.1929116405 754.87042868 715.023499819
249.475072098 -596.591576195 -265.815342261
208.180132349 20.8945261786 -151.572629516
282.600420093 -365.808393464 618.368042416
156.177245258 -355.911760725 -311.504434559
222.348616868 351.306760891 65.5975467982
-34.9950576386 318.380197262 -527.145924454
-363.33896123 -497.161265364 -742.564169775
-514.630367922 797.648317728 -358.857132079
-685.526399496 -193.341413282 -745.320816999
711.866947169 568.411229027 687.807873904
413.669896006 451.505452748 -188.06893794
363.852390038 -725.932698488 -127.242276188
-59.4959117285 -676.691887326 188.366692005
-220.133201021 -341.317250607 500.368829497
199.041053243 -463.352584846 -690.315503327
-655.247837317 626.007211996 348.724007413
183.500259437 -188.026077078 -619.779051338
-169.397667555 -788.855843455 -496.783888156
-67.1775532061 -433.82801385 -379.076995723
-497.203306477 652.986355115 330.641837935
688.807250279 28.0392040425 -500.484795308
-245.177380932 -143.208744822 519.9344605
27.9606522022 -178.368939392 -559.699360297
-469.901249771 131.839590543 -195.8089804
603.869836673 32.5732037119 -692.723492395
-305.299152531 -43.4256290309 300.320444277
507.970014056 -51.7217374959 -432.838713337
134.909267812 -722.935597401 -512.116282796
-674.107192111 256.760205508 -793.754022881
471.976529856 -350.795820644 588.164770556
-579.740817294 -352.024473694 -783.654311623
245.260702064 225.331183137 277.463352726
720.276064783 421.023184686 634.632075845
-195.569004574 351.793157357 254.177702008
-226.718062005 194.089407916 -616.001494852
-84.2524022776 -439.738130372 719.659151827
-667.819948595 568.346637391 292.419036915
695.117981359 178.907356403 416.07103938
-205.382920499 -37.2037782137 -712.085979522
-207.532034629 590.807109558 782.052152235
-501.00398936 141.471649198 170.278263445
-350.869984707 585.618507673 14.4823202075
-85.9466085426 742.906345254 161.261992627
295.746978596 -399.903229229 -396.134517609
69.4740211507 221.756976608 -647.87824345
112.112345255 678.671549872 270.742137296
247.397721257 -586.27096306 300.991992114
40.9549449494 139.416877934 -797.509949208
-81.1391740959 -397.317811585 335.873523115
796.984548886 -517.917297175 -616.596924107
-618.881852237 -523.084619603 -269.540965956
-177.987551691 -139.334924441 377.624763106
551.181795185 -274.279664598 663.271071036
-587.165036278 86.1496584841 345.167264076
594.568084383 -294.73786803 -331.872662061
-673.504195628 408.480178116 130.086787252
-563.832118058 -309.488790772 -465.455488147
475.800615097 -163.49510102 48.8989510676
-742.668794252 513.6975868 -792.214583125
-416.998473541 -248.82981942 521.078366398
-718.151061907 -677.444655315 -566.584002122
131.712250884 -435.11692712 -426.893018912
694.95595412 -111.45576719 -69.3738762768
-760.498509016 -221.90832957 -731.803641845
746.511779956 408.310310629 773.777514348
-383.757010162 736.074601864 -13.5100400777
-767.381548422 182.980115622 568.418688156
-277.737359025 -749.100943762 -285.359776257
-597.497540186 -552.920087861 332.406012309
-456.976403109 -720.494946611 312.842547231
2.02804185932 -510.358272332 732.751417881
243.935277137 131.720761081 -726.021802022
-220.417561882 -102.828132306 111.46958521
-702.88773698 432.049564261 647.755376557
156.778435671 -42.1613107913 690.080584659
-111.600345996 -47.3949610968 -230.461731137
-351.716469961 -340.537709106 549.559169115
548.74139423 490.269666846 346.300392107
430.283101262 -2.04024583446 -781.574720793
736.157084029 -679.666190958 -319.936530982
-188.306639192 593.51827332 -362.029928231
-233.252542137 497.165503534 790.984855388
471.321532003 572.968716806 -186.30583848
681.802961986 682.314056474 494.924470325
-163.528092934 136.813080304 240.583787472
624.427645763 475.767330182 555.753306376
-400.339746878 -361.525607021 76.3290253177
704.78386432 208.970406171 -334.369175245
-158.44628373 -406.835307212 -207.496127727
-230.818621636 -274.183768449 -401.583854302
409.35410076 -300.098286507 308.178865937
-678.869117693 356.044354252 36.4808651666
381.563659806 -284.417393154 186.944966538
344.10823919 -132.76287506 -165.963025728
-70.9541344973 -0.152528223784 -14.9983398903
-40.3536757124 729.915478431 596.686459661
407.511807167 310.928863009 194.106025419
-753.293355199 -352.740285073 -20.9496399244
400.989022728 -468.564346468 -503.084097337
-420.10295847 -204.173732837 663.316525025
-145.876203483 -29.3655632122 -285.168493956
550.653926524 -285.257100871 619.804906558
-70.5746273512 175.079456073 -492.24393901
-1.15765693731 114.008009225 -134.72134229
619.385723243 -404.830641359 480.304769141
465.614242978 285.820787104 -69.2938223829
444.003874178 -495.270029986 -244.869347176
-87.9910896882 -597.323113342 -335.502336566
631.026488833 306.776973865 -202.848582681
-636.926104376 -65.927635972 -30.4680346025
-419.270553897 -712.027445368 494.262379324
-640.803192896 463.707581166 255.949733259
690.24998244 797.12146273 -643.142767693
685.478426335 -717.052102013 -432.021998399
624.046281533 -10.1342893598 595.579836695
40.5547553091 98.0969390831 541.332470212
-57.5915515898 -624.465574106 -625.184635755
797.070939148 120.242795247 712.877910019
-737.313955245 371.383468012 -138.84439948
445.0759236 401.041111492 230.739043528
551.720320336 -246.866438218 241.108534722
-564.783513813 134.86194062 70.2970498898
312.055818061 285.122372346 464.571730457
-402.241834653 -225.855046204 -429.805306184
584.864335322 -12.6184995286 445.394418813
468.433891771 68.4913594049 374.909873547
-176.889207646 -502.769408314 -332.431713369
-421.367419222 -661.577346289 -688.227918988
634.550681536 -519.233046681 -383.147018326
100.217047984 -365.261579279 -769.56405497
-517.13949494 443.838534546 510.582120022
208.039165495 -327.865194889 267.485979125
200.187584599 -243.942023949 393.74325038
564.120612273 139.750824559 -773.665654936
-62.7812599881 -695.296184392 -321.654783621
-185.000613593 258.503559202 -706.37814302
75.2870635264 575.553648353 580.760509466
685.794169455 -768.929281899 233.973189553
-348.406171616 83.0433318604 -345.392766557
-770.75822011 -698.458266487 -26.0942615789
517.642468564 775.0254628 307.696149949
-728.649610179 408.583520461 -18.2021398186
231.346839318 681.625503438 -202.856337593
143.974804993 -318.503050766 -474.899173561
-127.4383732 -393.169725586 -285.447392518
-560.02041511 492.049725945 -57.8880873868
-640.955557404 -719.997015145 -577.851596841
166.674409451 439.147361457 582.195076041
-164.435800857 591.810055542 -795.538741018
-101.755920971 249.124963592 -697.79085877
-322.737508845 -600.463312622 453.763920881
423.953513826 -486.818004305 -586.773434198
19.2120633639 585.900561471 -571.40671736
629.193001092 90.9553017103 402.07861235
301.668713513 731.345226292 405.301717487
-680.422812413 738.631973009 -478.579533
-776.606937434 348.260933453 -568.575877654
-416.097126541 322.702096253 135.675436652
-311.226867527 -148.5581954 700.97376361
165.351539615 -351.860370741 139.529846041
101.014830649 -384.570101036 493.057631798
-156.190212521 722.847737445 111.697335989
160.82176154 -623.830242432 498.212298621
-486.759824478 -525.005836263 518.507853501
349.008203769 -48.9647498702 601.883347646
-39.4092139685 -233.656580432 -307.287660846
-68.2265774919 562.198167894 -65.3317506511
-167.333028727 315.791871195 483.511340288
209.013909409 -561.005277591 -186.255776166
208.985120978 706.976666401 79.0912608325
-380.332320077 517.446917887 317.908506089
-763.866830967 184.306506533 720.694426879
339.157177582 -39.0050453117 627.154706822
-77.3046417529 561.729650598 -222.648541389
237.78050665 -221.708621753 -761.124531823
371.965696633 -438.92239595 -48.9224624525
213.496488244 -206.158973848 59.9520683718
794.660188078 -341.433765679 386.495668064
497.157818554 -36.6917005226 582.708406979
-82.239088596 364.974281498 -487.395397682
672.433506744 -164.17102977 228.778066055
191.455516896 143.33256177 307.802014271
758.541562783 -618.453395789 225.225724353
-427.976475413 -62.0992757304 -34.5503578148
785.652602514 375.841095971 444.175196697
45.9033044355 500.098676697 651.229403559
-482.658433676 739.998927053 -545.868967224
-181.967986505 230.872491979 -551.454860551
98.1380038529 534.977195109 476.066276428
-557.889657725 -340.239842683 -562.060673442
88.1357162848 91.4002827174 442.395639414
331.445509242 -372.404405086 -143.347604116
-188.977501855 214.870743224 38.5614387179
-231.316091894 -590.489404056 -31.2153951031
52.5208103621 -351.554644594 -376.728193419
-674.772950187 287.208987071 -255.107876158
639.8340998 691.150654117 -41.9201297801
-291.845731806 -501.514883904 684.153505152
-754.702411482 710.718724664 -570.951479275
-724.169677434 -348.065468783 424.489265846
581.512640282 -494.109964229 220.253414219
104.11161425 -702.128141013 -646.762150349
-776.727052284 432.847945305 -652.565027024
-679.351757601 -43.1270805639 260.349926647
644.338077268 -117.458892572 -104.24843386
-17.3162100493 -626.170293684 -619.223612944
-256.07702453 312.303627592 -610.629945334
-740.064874404 676.684113423 -555.717983553
61.3342500088 -343.200319238 679.049852589
-170.35133404 791.477522593 -375.407254808
-691.794374104 684.089833132 -561.091498812
119.88438594 68.1382591039 645.183272634
-184.100288175 -499.209072187 747.073942627
-110.253693794 -661.183457922 387.372437035
173.378223576 609.820293668 469.556709301
8.15931377707 611.09376159 196.667472603
-586.777490459 304.058844306 129.661892677
-180.458898152 -698.12334806 -541.228333089
735.175861335 577.279582994 742.615023588
638.12675466 -311.16093923 -249.933327185
339.176057007 3.47759189737 -92.9134918979
676.847186293 17.5331937408 -482.680369968
-312.145538254 133.620951694 6.4646006205
-700.300014601 -706.300468306 -277.563806327
-54.6247167468 464.089498568 565.603895267
-516.558361846 -461.167689806 -68.9689529604
-197.972486485 490.312517252 523.321578588
-155.843839657 615.742779417 453.312949551
295.913713638 -585.490829328 104.463212005
-656.661407574 564.247911889 612.782779779
145.272683156 423.709630137 66.7784520668
-292.251959099 -347.8186051 -778.788614322
-200.964854665 584.197106569 -335.143496385
783.341596668 -655.230140293 -603.184804296
464.597092033 -611.354632844 575.671420569
-781.080230177 389.142122798 -382.2938857
124.018900374 772.258631797 -326.963391897
418.180242908 771.662083935 178.813784422
315.942582875 439.762266421 423.306630467
566.80230482 -164.724266353 417.855017424
-2.16661591493 796.275844571 499.492264341
-505.462868842 297.175625235 -121.932666344
-588.827467506 581.67748208 -191.338745146
174.573375259 707.420725382 244.499184059
27.2255068307 -412.059954196 -109.658461674
210.925737391 -424.934461451 107.700429794
589.69895487 -305.362401123 164.87735513
92.1290621635 143.669660778 -311.054878872
50.7731751969 -79.7786456247 -81.9537342256
471.995975472 -78.9043777646 116.826367043
-299.622733032 -317.144142036 282.206238429
39.2071250608 88.3315561104 -408.493212366
763.929022323 -10.8623740848 -585.235758963
-566.380199462 111.472585027 241.356680589
158.756443902 139.813620228 671.585601281
13.7671853013 -307.916150709 411.501168567
-559.826260932 -525.618210474 166.696774691
249.711257454 733.685449462 173.923098282
-588.695171741 70.6446033177 -135.973572062
694.944728122 -714.942634616 698.941684865
-47.9079342652 33.2054839868 -417.666220572
85.1975533617 488.769503565 -107.935157999
467.509249932 -138.234711566 593.550541475
705.673722078 33.7364420459 618.226901957
233.530696812 338.68774165 -152.841719614
44.1924542385 465.821770047 -117.579658478
746.816795202 237.086852608 -92.5418683993
-743.441501317 -250.985418215 -26.4360231174
-717.018883876 683.546246907 80.9555111547
-317.292747307 -317.129376066 -197.815989283
-341.46647595 -419.932432279 -548.508406076
-574.073831768 170.77972825 -310.225142298
-175.109388857 375.40830396 -700.388630095
-147.684332775 -413.092240519 82.2818589536
138.298529165 -274.593950192 -202.344621631
583.847634331 -402.014113954 -155.302003507
-9.5497540823 -120.671572764 -83.8912019941
600.030024811 554.061150163 -578.742677914
655.620631675 200.375226558 -394.518708857
759.501252931 39.0526695993 -789.421926535
130.546979319 190.84726262 -754.894007051
774.68028136 -137.347758719 -87.8434746418
208.894513277 -709.095464641 665.207286415
308.650280209 782.61547302 156.435510529
784.845490475 661.785135353 296.327610783
-666.43099518 -704.991578174 684.006781526
-350.141163995 -59.6669842673 679.669394066
104.248512594 -282.363406968 201.80168124
775.456365965 -251.352344177 768.364375394
-546.148707926 -111.559251991 230.624587213
458.26571612 88.2746810884 670.981127574
-693.264639807 -16.7559938894 -563.501933748
-45.435397958 115.176687171 287.614916429
181.704662773 -659.837353263 -523.372948783
319.498515777 615.900709603 170.503014423
54.0639650154 -135.133177014 -164.119106695
-727.372560178 517.637415646 -14.4165751391
-489.09322684 -396.488877647 -600.323767069
-575.056048874 346.905844409 672.173992046
-547.625122154 160.356629153 -719.238135842
-666.270533119 -312.671824968 180.993290163
-495.794515229 215.165436743 -36.8563335831
624.970958108 523.785045279 447.885617881
-641.562866883 -535.179219359 -630.749957039
0.977525201879 -297.721407839 -446.36056902
-28.2704430797 -347.947851189 -188.519652882
-529.529670927 -759.388156749 164.974692469
605.847589347 -711.435962287 -97.8664066054
340.592281125 -247.49290837 -151.096864937
-649.448437885 414.205864923 -654.031468432
-369.960230468 -228.066422492 -139.210932539
-540.284309919 380.660690285 323.695778616
-141.751220008 321.063589807 786.917256682
63.1394890754 -395.781459615 125.947364129
645.503897839 -443.609995497 236.988744664
-469.074637905 233.968873293 -510.527107229
-37.6190951501 -375.6946659 -368.79918654
-503.995493862 -364.53887793 435.249372509
-541.612489834 379.469120326 764.250227845
63.3272304793 782.243027671 -495.86694607
-318.892975406 -524.74362536 -163.03489982
283.822507181 693.41634432 -77.268713365
-187.045608467 -443.988584239 62.4217645884
-391.874899968 -143.530308018 -379.357418934
336.991243255 630.883489348 139.3517515
578.238337327 207.580442234 66.5324945344
-228.891743292 -632.236071831 618.016425277
432.397775444 792.747310937 -632.481842205
457.580962119 -69.3506508364 391.377080795
-594.246361326 -422.559773124 -69.7809214678
-322.013357241 267.620442221 615.063737903
306.381806143 728.046360109 -120.160909643
-533.398211236 -620.225741507 482.616235383
-402.226031532 439.212251039 757.356209633
632.498659231 773.682672648 -195.028233006
-398.963602901 167.086665394 552.565207666
222.894325677 -552.071779982 -667.458928223
597.329674849 22.4556040335 42.889473598
-350.121284956 -290.766017494 300.517166523
-17.4092953544 443.440279527 417.321615539
-225.383737227 657.722964046 -790.809917563
565.535201826 659.3545613 -332.956211019
-499.738303231 74.5524532891 522.952716588
-559.755733768 -186.181564291 -11.834185375
-751.688852175 -392.368427208 -489.571734346
-298.688340402 27.3273693178 -740.167841121
-262.256632941 263.44888333 330.898098301
90.5395998895 113.961676714 58.3082050058
-33.4347611664 598.670165819 134.920066975
-261.237546993 555.417152097 216.070372271
606.675336479 -270.696312113 -540.093386711
188.289706617 -267.143783103 678.562653318
790.615857278 -114.161966074 -485.355177743
-375.963691685 -611.562797436 158.595343491
20.2533431071 -65.8029797204 716.95077941
-602.188336738 -207.343422977 -719.931517903
140.277252992 -251.452333584 -237.645377735
-114.775009166 393.595305175 -223.273546216
707.976501429 358.039762119 792.901883995
-149.012067909 -14.9228877363 604.467134339
-372.706648187 -377.891130862 264.008619167
441.864644191 -699.766386239 -464.880992046
-227.090856916 320.324396427 588.353488991
-385.218293541 728.854660172 -277.47883294
534.093624459 -178.938318879 210.7741628
793.702436815 -103.011901234 374.384981218
333.124759318 -464.730418745 -114.255084444
550.64830045 469.046319925 -274.685508895
219.048687491 -428.374647995 -54.9861620715
-664.232922416 19.2255039651 683.631571618
29.7755813194 -623.972836262 -369.17728243
490.396183717 -338.036275402 100.113358496
-751.684964026 -739.970554167 -550.591561308
-9.36473065998 -713.725020125 -244.978054272
-763.463460392 122.451678422 -44.9333052363
391.690373784 -710.833471751 -475.756646235
441.137135895 611.34218602 245.24455916
-590.191013886 94.6732678347 278.879193667
460.963242974 -496.719918124 280.240175833
-769.853308218 -155.815735162 609.156997028
33.7314976731 645.927299061 86.097451757
-515.721063591 337.835801814 -220.880687057
587.904139762 -351.368519347 162.134594758
52.1864027216 -62.202216496 -471.716707403
-291.240175474 -168.485262398 -639.627848932
-646.500548703 -279.565168015 -413.853540643
441.9012374 -50.7116155411 195.04472172
-37.3700832547 -165.583191314 -148.100674233
116.353024485 798.599597054 738.239668603
310.117562747 533.881008594 -350.637452341
644.293056356 709.881381357 -419.32491177
-646.967394785 -304.542903689 258.697123585
337.821711389 443.825378439 -730.126087312
-406.791670146 686.65535433 -677.305778439
-670.188076757 623.382590264 -682.50792643
-557.146239591 -466.16733066 480.453994978
-651.975477148 -421.034375639 -161.403434029
-181.191564746 -176.778040037 -392.41525947
227.933482514 -44.0920607217 -356.985666753
157.969843678 -83.9762377526 -412.371669053
-234.155851604 352.280567304 -70.3154587003
-500.076587365 23.6234359398 97.4126759796
317.619732218 -755.61311107 12.1732407543
-39.7050083723 -504.245827894 137.131318726
398.260914923 517.316472649 613.275522961
3.59657310053 317.236205663 404.878074996
-563.03861681 -400.665692579 -634.257156538
-390.596020293 580.280532182 -371.040132802
314.748447438 92.5625812585 733.330672619
-405.713511002 -214.8391718 -796.462088922
21.9292579562 -252.253632455 -451.464172143
274.960980756 426.965036485 656.400792915
-757.827839179 -682.457023221 -120.354756036
18.5313914437 -737.334050266 -343.039176119
361.532723603 178.436327423 697.39430741
-47.378209463 596.816806596 -290.804804757
2.26330555164 467.35468706 -789.631157288
311.143276519 758.020901904 313.291560708
-495.581956797 -190.596015762 163.20857742
292.961126722 435.219610676 -369.522698917
-457.573916807 -97.7825538577 566.534336182
-217.326180667 662.711943525 141.560167386
-198.465293019 -469.575428037 346.544850027
-636.407988143 300.188677078 -110.333262892
530.223548729 722.440421268 750.638742363
370.838737097 384.631422394 373.456346257
-450.925616104 87.8013293791 -340.205239207
-165.461785989 -303.503269466 43.9877093909
300.967820614 -712.537782472 -265.176397793
-485.727009863 175.823593522 249.885125881
-203.849908504 8.34295782111 715.456650575
-61.1617608312 428.840148198 -317.107805302
-671.945349519 -762.364540145 262.442316881
664.640106348 260.417163607 191.773878444
-340.054077912 -318.08627655 -584.635450449
646.604140849 -181.070162471 61.7310761958
-231.97842248 -322.813710454 -171.566621345
124.268876259 334.477095633 -198.460177388
-504.587432731 -114.918147003 602.272463267
-260.976913469 -736.641926339 -164.910761042
444.89419012 562.725272707 453.872011836
-296.376659353 275.23284072 171.272828824
-528.296257083 66.2286373988 -791.01803436
447.266796451 -521.148615239 -31.9756299248
670.757551748 776.852535145 -264.83213667
182.43446244 -679.201553364 -361.427236699
118.707145499 759.684852971 -791.584655416
-774.475734236 553.964565483 -432.618531779
-718.474015469 453.395281553 -452.371103502
-676.008869313 343.487796071 -638.493048561
-66.5229560925 -438.975906673 681.517597947
-684.677446113 -298.174251541 554.155890477
381.997256718 71.1516572749 352.693707944
-306.774167561 736.430125962 500.719785288
-711.084735751 -405.332026554 -778.173478149
396.359317121 753.266982708 142.074076945
158.400140425 791.861448043 21.3490814449
766.037955307 40.6641919342 545.772010983
349.803851418 55.806262112 602.306276037
514.829188971 -347.330847341 598.093849035
-590.463265963 -622.896748453 5.00881512606
-290.297300823 442.454671715 -367.818629932
568.822119898 231.616310381 -13.8253049815
-617.271252846 353.16837536 293.561859748
-225.203862008 -551.418686062 675.679107139
760.350026456 -406.316766249 -78.7234952047
492.291855985 -677.367112045 286.488891396
-189.372294112 -301.104654719 -215.022337332
359.577261174 745.323346785 235.64441273
26.6235882618 -77.1878143833 621.284698249
-709.452866512 277.939714317 6.21246993916
8.27545046232 -675.831295198 430.114248584
514.61142124 -1.32235596458 125.548262176
-94.1393621798 -611.715400656 336.030417954
190.438897014 -626.516494259 139.641625083
-794.771126334 -626.924565372 106.589285217
-13.0571416022 -22.7880263594 32.5229870403
-611.93171345 661.589995439 154.47294823
-670.52941494 685.362241005 -450.638867367
-247.984068952 185.368827362 244.348418773
705.239678829 472.172166782 -486.062293879
-412.491450344 -759.675423149 -696.358946849
329.521982647 -212.972732779 -662.662005428
-86.1675314787 408.390273145 -707.328303754
-58.2456003106 -786.495207198 -599.080270199
222.082586624 -788.349744792 101.59451201
386.891876223 -71.1349385527 38.9024977642
524.402362466 -220.618212187 768.549595245
-21.1557341717 -142.713799451 -734.155233879
-511.915098296 -187.083643626 207.176027305
-149.573672902 754.620025741 -48.077968518
202.977329341 761.791567985 -796.70728569
72.6018833483 443.158984138 -506.108245482
169.24699382 796.870080082 625.971217683
-33.5942776505 -729.291455186 -499.127324506
725.52897039 -202.918134444 792.324009244
-620.840817829 242.896309738 524.299019436
302.804023819 710.67609203 -436.273319708
-221.929323606 -383.671054865 -359.473659883
-347.320265318 780.310752758 -121.559139621
107.705779884 568.535899469 249.782166128
-73.4359852832 548.313963336 -513.639357273
-7.79415927809 481.39208625 799.506623075
-535.884094495 -270.150207876 -518.809460092
153.04891769 -679.254228866 -648.065146305
-788.754738222 452.783029492 -643.374677493
38.8656987712 -799.013252929 746.670784544
-351.432230213 141.974625912 -60.333956711
624.979132597 777.308106368 48.5249994672
-272.436582675 -241.035818758 -337.568712584
-83.6694231376 -456.942191367 779.348184917
-226.950499084 -243.242249849 -588.079828552
-654.429156656 -592.926571018 413.582704889
-661.411303186 695.275760004 -129.572390749
-119.878565196 -223.38320964 278.051473216
479.203442061 -511.566320275 25.2390114225
-607.856241959 -50.0919904966 -280.084283184
41.5655653455 558.428062751 -629.554002668
-792.836961306 624.743661007 165.332222868
-206.851510562 578.404500318 282.279015942
-203.418443507 -663.58572441 46.5311282478
141.094206551 312.280760755 364.149322983
-537.185706183 -184.723065894 136.95797246
774.449212736 -781.733375497 -393.907078555
519.534790316 765.384328396 315.245010123
-52.8873850416 143.425193837 -449.602860097
-38.4514176438 121.261702237 -743.09336243
630.975311884 15.5671491457 478.767138894
490.510551542 -141.474153701 -645.818865619
618.487981164 363.34383271 72.6201440405
-602.400895399 250.773019884 499.452385777
-513.421087016 -363.06456724 -29.696846949
679.953291478 159.163220136 -361.731083055
-291.783270022 539.059131483 -2.24253819064
387.691560358 677.512576747 -202.184759719
-593.602725953 -354.29260756 688.161328835
568.380516968 582.107802109 87.2155175993
-697.882280481 -79.8174840585 668.480653931
389.604665031 735.684178723 661.176020236
38.3192147126 -706.917401955 -19.4693820319
-763.294425281 -318.495388929 342.560172574
103.728382782 381.239379136 728.159813797
433.061617431 -794.60342877 552.422989498
343.218616901 -189.221760843 -116.78249084
63.266068232 652.766842936 -89.0344195961
563.265849055 716.746933401 -508.204843448
561.191972207 699.405864829 792.537381671
-190.864537809 48.420334173 -321.611789944
-385.274425735 -309.60439305 759.569301407
-303.543843128 157.459274066 -698.474325694
-444.588545342 -137.089066819 -383.57789151
454.775683185 -344.124031237 752.611697631
-482.833266076 -475.568610057 -321.139439776
271.281552812 288.454372839 -26.8690342554
419.38002159 286.129369869 -245.89129437
-356.645809354 188.948304714 -770.713317313
765.039435393 -212.308979199 611.627879173
-528.639708697 -302.961405182 701.858657294
-177.943080596 -44.2297642668 -657.94801693
-614.026218395 -320.345723724 -407.751081466
-38.3536722895 146.856217406 768.606356052
158.573508086 620.663917969 616.061614928
-67.9378593215 490.143589773 525.765505871
-532.592995614 -563.203243635 -765.595415003
-497.518457284 94.8611473537 39.2265578711
383.199874552 5.51131676469 544.915210163
155.892668463 596.683128729 564.069680247
-123.944162971 -676.200451135 -487.380114024
-293.574982387 -286.794134059 30.0222097407
375.424213604 -795.33697619 18.7812103198
130.379233613 -380.258611719 -105.734969252
-404.404718425 -553.925166505 600.425571275
-384.571518113 458.923214772 244.829988658
-436.071992112 748.423736331 133.854603714
395.064869565 309.237195704 -485.470984505
-130.871018579 -631.484800738 732.384890028
87.6528947515 -346.376396157 575.865845008
187.702703881 448.34754465 441.872614441
231.09258258 -400.051408085 81.3498968359
-311.112991868 680.901207567 43.5961299477
-207.586031209 -424.948687526 -401.074725254
593.278408752 233.894407214 -565.074166706
-470.114539935 -681.215293136 676.358650406
693.303133067 -686.617871892 -100.523167437
-37.5425074025 163.776442385 -521.322214104
395.922774556 233.461970731 -749.203189968
-568.937987706 -589.276785034 -205.86287501
-39.8989812024 118.138259923 721.724141224
-787.835810626 632.041258443 440.504528778
651.040884289 -696.933104313 -718.401614117
-643.400593477 295.567331427 -754.613862828
-461.201675233 716.748184616 702.196829128
554.51596446 467.764616269 625.672651152
-167.774435128 610.168117527 -301.816599703
-778.912693352 -525.605815982 -171.856153352
-782.629325195 -473.231776937 -165.92448186
770.253365606 275.637468181 -799.493529768
527.247079755 232.8097859 266.79090067
502.661177874 353.093682874 69.3800068299
9.87572707696 177.828782999 618.274774468
-564.380699389 -746.934529189 80.7160084659
-17.4364266677 395.440146664 -332.001570131
633.528630071 -480.244919453 139.296021224
351.859400849 -37.8381600788 -706.703645144
458.371494513 89.8351273782 -235.4817385
-325.056742504 -300.911830443 -261.560338848
468.828043956 -440.27364175 -766.46161973
90.2640557219 -245.254397303 511.00945583
4.24033294208 -789.246913193 -79.639577284
689.231032196 60.254543286 -314.302791794
387.501267373 60.4322741807 256.098666762
-137.991831118 -431.169349442 -347.025366659
-727.365318392 257.447582977 389.503955666
-578.959648136 -719.631419192 580.065062064
64.2517104844 555.315057778 467.053407859
-154.945820952 -271.370208099 407.361842424
250.351509436 550.268007275 705.282153995
-648.564926032 -71.7305500989 -432.174132343
111.666051711 -600.020809186 752.440239371
78.3233866434 187.647121099 -315.302944016
168.71866605 -3.79665178335 -510.888268367
-387.551839189 106.623473013 -73.6364971486
630.47493247 520.217988098 48.326961212
-38.1205336089 258.543029844 -287.329726478
71.3645043176 239.017552361 -25.1826993657
759.001011184 -598.986929852 -792.210438915
311.576449236 -354.761972625 499.292497635
143.214966903 -6.91150200594 -763.639180353
-612.402515316 315.313161786 585.4938909
469.661292336 -188.189160572 127.819807748
460.781940603 -18.6300678034 -290.019843878
396.744209745 -154.766597165 -328.684154651
-378.045934208 71.8476620156 -548.435770435
585.607321053 641.362078322 -700.103911091
-719.947338119 -592.846171539 213.17205798
380.080934156 -104.361067327 476.152455519
-2.58292575558 20.1579438066 -167.975603675
-772.315663723 145.752888805 -647.133635464
-462.320517012 -382.652483574 -69.4780131595
-638.919983809 537.351602976 52.9671969485
366.913417004 -599.588900439 131.814433206
-616.269870647 331.459287473 -594.965940291
25.2723977524 -108.997970533 576.521951697
-58.9925506872 93.3114095217 -17.7498329636
644.867641818 705.615655028 168.421029892
161.20072799 399.371930993 218.510653996
152.559098558 81.0126691263 624.677535196
-123.421724218 -525.781183705 -779.222725114
776.179251795 29.1069864569 -630.384117304
592.241632015 557.440771993 360.1330553
-722.367372156 732.312820811 470.488463826
-115.57010179 -324.603814624 -333.198413809
-583.368355351 -402.333914319 189.931323334
-148.475085793 -111.646466215 -711.032616016
-694.553655795 -71.4434118961 390.919231183
-310.139810466 767.865569122 203.316194398
-247.36881969 -58.3609140083 560.634802412
-335.067263704 -648.34050907 -167.191498513
98.363084794 151.514252012 -476.512897772
-364.109275511 -370.902434843 -403.02044849
525.449132454 259.703311806 -187.580936663
-701.743594677 -367.463863025 626.515167912
241.350668702 611.204487909 418.223094209
159.806768884 714.338671729 281.693246438
-618.758627989 626.564416433 -444.499471113
-59.2178784193 -694.093018206 318.67102987
418.271296855 21.872481558 -291.422844685
440.154996574 705.503863804 -103.277196096
-572.052951682 448.45737057 59.1408677272
575.019188797 -439.782552378 -202.060043747
384.544091076 -99.8294597658 -758.773070416
310.736472705 -614.687218684 -672.712127261
362.037309756 336.090964752 715.779444231
201.229388733 -265.477538081 -97.0189468369
164.764038432 671.668589647 -129.943632833
-182.102299089 -135.894257403 623.766982316
-639.432623039 -609.142692755 -403.722251407
-297.166374646 -314.461708406 -558.770010505
342.759264927 201.059295458 -787.859683498
634.1506858 -42.8369900761 -274.851635386
715.533627993 -631.456877086 525.692443381
360.745026364 587.065074612 -529.608422785
379.609409922 35.1438739066 53.1927776077
-577.958389423 56.6723454991 601.271833466
683.224152334 -643.511726022 -448.574742062
-383.458986041 -647.844021799 494.925939313
-594.033104508 -760.522778676 -31.3348116896
433.450496382 -370.015674774 489.321111787
391.064924517 -595.381234948 719.926647854
751.904275654 485.557100365 794.648443181
122.939603296 -771.929078326 -733.764459155
-126.328887722 -68.2073199758 -117.072634141
373.898750108 637.51968144 -700.459253866
-220.728358732 247.096292299 -388.526742769
519.655850792 -246.917097928 525.080001666
582.409259818 -280.547792976 -604.665118283
-214.44488175 -13.6586620068 -639.546338739
-264.643957974 -450.229830817 112.026657804
-304.279476836 140.795010674 -16.9360372346
432.009039564 22.4919108415 -149.683212811
461.931187334 229.407842165 -793.043671202
327.542588421 -62.1535249689 -210.633545919
-142.208959475 -391.338488599 -474.120536737
522.098247982 218.000742289 197.764330887
786.569039736 -641.723716732 -96.2894842442
247.288045727 516.305306776 -661.768472433
-605.366480227 545.674049642 235.736845637
270.164367407 551.825307521 273.915210846
-576.210717494 223.298532637 -86.1786901041
-459.203223994 -668.753841214 -750.052187903
180.287865634 -551.976185578 -300.366203713
647.417712645 -611.377519934 479.452515466
-29.7057980429 -340.600661363 -492.378514101
701.551779666 -793.311321475 -798.845215557
284.129218554 602.068623122 77.0336262052
637.230851131 -462.518491714 212.236239723
-269.082871315 121.390007398 -393.919686451
623.216497797 580.550428951 799.215726223
-408.677104964 -595.915332603 288.931902053
237.591374396 355.699021816 535.65135409
792.909310557 -712.773554489 362.645492285
517.516803577 504.46542533 -97.2158450504
454.518539022 -74.3536688648 -505.696893508
-76.5471516078 -568.398387309 246.187790716
48.07122866 -197.111174764 434.346517003
145.989500785 388.559391661 579.318630914
-264.5752701 264.812007281 597.567827007
-443.144712663 170.629155889 -684.729696332
-365.602227687 -389.773718323 -472.060834102
538.744899763 -440.018422197 -605.123301194
-651.401134251 -305.089673287 -385.559957494
209.883946915 688.705592582 -156.358663537
-404.17164411 475.861409902 -84.7839195594
-348.786874768 -138.289776669 415.436252432
-778.095984431 74.2808673023 -13.328290735
48.7610732222 -102.075309528 -155.087832054
-305.349539338 672.177306238 615.243180555
-496.502408739 718.680200069 567.705578724
19.7919579841 581.097353805 -698.970431996
-781.327257981 386.600441877 -271.058337564
-450.359580778 110.299799861 -116.542471107
-366.131861 230.522732702 -683.741894515
